0 0.378900 0.984123 0.037602 0.031754
0 0.290857 0.974336 0.034301 0.051328
0 0.294814 0.931830 0.036309 0.056105
0 0.338508 0.966602 0.041820 0.066797
0 0.323867 0.917314 0.023633 0.087168
0 0.382521 0.911840 0.044789 0.090867
0 0.271437 0.871223 0.025322 0.036258
0 0.272490 0.827529 0.026738 0.047738
0 0.273506 0.772949 0.029121 0.043945
0 0.326474 0.801621 0.016111 0.026758
0 0.314072 0.740605 0.051777 0.092773
0 0.348053 0.752221 0.017332 0.036785
0 0.349782 0.701602 0.018092 0.065156
0 0.336846 0.656387 0.013965 0.085664
0 0.311055 0.653535 0.037461 0.088008
0 0.294932 0.647078 0.036152 0.084594
0 0.267006 0.657170 0.020168 0.124770
0 0.387158 0.665281 0.062758 0.091664
0 0.450283 0.928867 0.046992 0.142266
0 0.487913 0.967617 0.032611 0.064766
0 0.517886 0.970254 0.030729 0.059492
0 0.547536 0.955373 0.029342 0.089254
0 0.582188 0.866383 0.035000 0.076516
0 0.590342 0.798965 0.017676 0.060352
0 0.575898 0.792617 0.026719 0.066719
0 0.555279 0.796621 0.017410 0.052148
0 0.579326 0.719902 0.051582 0.097227
0 0.523256 0.786230 0.014426 0.051836
0 0.542209 0.767447 0.021910 0.023879
0 0.548359 0.711371 0.033516 0.093273
0 0.521133 0.698783 0.026836 0.081004
0 0.458008 0.806102 0.040742 0.064469
0 0.490186 0.786523 0.023496 0.101719
0 0.463682 0.748311 0.047012 0.062559
0 0.476172 0.687688 0.065586 0.103531
0 0.595338 0.949955 0.074207 0.100090
0 0.648609 0.981355 0.033602 0.037289
0 0.691440 0.984824 0.053549 0.030352
0 0.736338 0.964855 0.047051 0.070289
0 0.616904 0.873469 0.036426 0.083578
0 0.615156 0.803848 0.030937 0.068086
0 0.618825 0.726133 0.038873 0.091094
0 0.645525 0.812125 0.037230 0.083836
0 0.652598 0.730684 0.033594 0.084805
0 0.677817 0.814609 0.029053 0.065703
0 0.683145 0.738689 0.034336 0.086363
0 0.708398 0.820563 0.032031 0.071297
0 0.713118 0.745996 0.032396 0.086602
0 0.743851 0.871256 0.046326 0.062199
0 0.742969 0.820547 0.039766 0.064844
0 0.746439 0.749277 0.040262 0.079727
0 0.928918 0.987012 0.030484 0.025977
0 0.936373 0.952832 0.041691 0.058555
0 0.966611 0.887437 0.035098 0.088156
0 0.934941 0.884920 0.030898 0.085473
0 0.990747 0.893828 0.016416 0.058906
0 0.937266 0.798250 0.033984 0.094156
0 0.910830 0.871637 0.016621 0.059055
0 0.893750 0.865957 0.025508 0.062227
0 0.904658 0.793770 0.038613 0.100430
0 0.844541 0.854570 0.016816 0.040156
0 0.864531 0.785176 0.053008 0.105820
0 0.804508 0.887363 0.032027 0.051836
0 0.813809 0.833965 0.048672 0.073398
0 0.816854 0.764270 0.046246 0.079898
0 0.962638 0.795355 0.018045 0.074461
0 0.982946 0.790229 0.021963 0.056160
0 0.867101 0.868877 0.029865 0.061863
0 0.969135 0.973795 0.049363 0.052410
0 0.804751 0.981539 0.042217 0.036922
0 0.801828 0.955336 0.019359 0.019617
0 0.402235 0.405555 0.039416 0.156469
0 0.558479 0.454609 0.045275 0.119453
0 0.525398 0.441920 0.028813 0.108168
0 0.653112 0.465551 0.037639 0.133656
