0 0.569668 0.985469 0.016172 0.029063
0 0.576087 0.931563 0.020768 0.088828
0 0.555430 0.929180 0.019453 0.094688
0 0.536006 0.923672 0.022559 0.093203
0 0.514189 0.917246 0.034316 0.090117
0 0.495947 0.903271 0.037988 0.097129
0 0.467451 0.901736 0.039004 0.084887
0 0.438698 0.904955 0.029873 0.056496
0 0.385198 0.948307 0.037584 0.050418
0 0.257432 0.914850 0.041465 0.089832
0 0.294814 0.909459 0.035020 0.058449
0 0.383802 0.857852 0.029791 0.086188
0 0.358473 0.856348 0.023914 0.072070
0 0.342694 0.813580 0.035873 0.110184
0 0.316559 0.851992 0.026125 0.057031
0 0.290664 0.837871 0.035977 0.063711
0 0.256567 0.832176 0.034748 0.060492
0 0.302948 0.804537 0.041729 0.040066
0 0.055268 0.802934 0.034621 0.042195
0 0.060977 0.756309 0.035469 0.055195
0 0.114541 0.763219 0.021660 0.076375
0 0.087970 0.766689 0.030740 0.041348
0 0.132969 0.796445 0.022969 0.023203
0 0.158536 0.790572 0.027424 0.050418
0 0.307093 0.679361 0.061873 0.078832
0 0.306127 0.582613 0.035750 0.103586
0 0.134339 0.506387 0.029834 0.093594
0 0.517958 0.673986 0.026576 0.051715
0 0.402819 0.009029 0.029826 0.018059
0 0.332381 0.245898 0.028078 0.058203
