0 0.147107 0.681738 0.065160 0.145914
0 0.068153 0.756395 0.081393 0.187094
0 0.311893 0.618645 0.065391 0.124961
0 0.660257 0.763059 0.082783 0.146133
0 0.495223 0.627041 0.065379 0.135934
0 0.227647 0.637709 0.060764 0.135371
0 0.390065 0.619783 0.065826 0.134254
0 0.499559 0.976883 0.067844 0.046234
0 0.635770 0.951912 0.076203 0.096176
0 0.727062 0.916219 0.078133 0.167563
0 0.017370 0.815799 0.034740 0.134723
0 0.032716 0.317303 0.065432 0.257684
0 0.111289 0.271279 0.074879 0.183012
0 0.205151 0.252537 0.069135 0.146652
0 0.294076 0.234895 0.067563 0.143508
0 0.396289 0.200730 0.059492 0.176469
0 0.513015 0.234531 0.063896 0.143508
0 0.650663 0.301875 0.080213 0.161766
0 0.722355 0.350898 0.082219 0.192516
0 0.580780 0.682672 0.077854 0.190820
