0 0.347023 0.047633 0.104961 0.095266
0 0.287409 0.190236 0.118412 0.202137
0 0.010310 0.018113 0.020619 0.036227
0 0.182853 0.496361 0.100084 0.162871
0 0.247935 0.636410 0.099225 0.189289
0 0.298809 0.809273 0.102266 0.176422
0 0.351069 0.944830 0.112732 0.110340
0 0.535482 0.069980 0.086211 0.139961
0 0.497813 0.253156 0.110291 0.175555
0 0.462755 0.419635 0.094646 0.180895
0 0.482247 0.649939 0.087877 0.198551
0 0.554276 0.843443 0.098389 0.209441
0 0.670238 0.785758 0.108766 0.194633
0 0.741359 0.639248 0.115371 0.203387
0 0.793933 0.446686 0.127127 0.210418
0 0.828758 0.265494 0.104234 0.165605
0 0.836031 0.081783 0.123539 0.163566
0 0.989385 0.183602 0.021230 0.073562
0 0.981162 0.407652 0.037676 0.164031
0 0.966948 0.602619 0.066104 0.203027
0 0.921854 0.786953 0.085238 0.208859
0 0.873634 0.924260 0.089135 0.151480
