0 0.824355 0.281010 0.087258 0.157473
0 0.448835 0.489611 0.068100 0.128848
0 0.713878 0.389035 0.072287 0.153070
0 0.102882 0.706492 0.072951 0.162984
0 0.078872 0.958984 0.064412 0.082031
0 0.060536 0.237980 0.075943 0.162461
0 0.008300 0.369672 0.016600 0.078391
0 0.146128 0.140217 0.091955 0.201043
0 0.499559 0.078166 0.067844 0.156332
0 0.635770 0.052072 0.076203 0.104145
0 0.727062 0.003355 0.078133 0.006711
0 0.612896 0.447811 0.070867 0.150441
0 0.528946 0.489252 0.070221 0.190051
0 0.891771 0.170711 0.095955 0.177297
0 0.247818 0.143807 0.073547 0.147098
0 0.332325 0.124811 0.070139 0.146121
0 0.412999 0.108637 0.073549 0.148070
