0 0.056885 0.698295 0.078020 0.157051
0 0.061546 0.827959 0.054123 0.114824
0 0.133029 0.822443 0.021660 0.028637
0 0.230908 0.668783 0.117680 0.178816
0 0.368055 0.328475 0.114824 0.244598
0 0.565707 0.014566 0.120309 0.029133
0 0.602577 0.110062 0.099463 0.203898
0 0.667553 0.236121 0.128586 0.245484
0 0.649843 0.454238 0.124393 0.208117
0 0.606802 0.631023 0.113346 0.170211
0 0.556519 0.767264 0.118307 0.190816
0 0.501373 0.916365 0.119715 0.167270
0 0.872785 0.069854 0.080320 0.139707
0 0.968181 0.095150 0.063639 0.190301
0 0.990820 0.238238 0.018359 0.077852
0 0.981491 0.505143 0.037018 0.112027
0 0.987524 0.416980 0.024951 0.091570
0 0.907046 0.561025 0.123564 0.205535
0 0.827138 0.662854 0.087314 0.210512
0 0.760783 0.870895 0.117926 0.190055
0 0.720960 0.947373 0.106451 0.105254
0 0.004212 0.334895 0.008424 0.237734
0 0.011799 0.355691 0.023598 0.065406
