0 0.198281 0.089629 0.096441 0.179258
0 0.152878 0.255904 0.050697 0.077145
0 0.146111 0.369264 0.067879 0.177020
0 0.406565 0.043020 0.028568 0.056227
0 0.421005 0.064516 0.026467 0.053297
0 0.422807 0.256822 0.061383 0.116207
0 0.497194 0.344447 0.123471 0.214613
0 0.591168 0.017555 0.043344 0.035109
0 0.433923 0.521014 0.059510 0.100746
0 0.194935 0.544963 0.042588 0.080684
0 0.266778 0.568014 0.097295 0.179418
0 0.290122 0.724475 0.026912 0.052027
0 0.342151 0.736139 0.044854 0.113629
0 0.363254 0.774441 0.034512 0.074531
0 0.403810 0.780170 0.078643 0.175824
0 0.227162 0.980541 0.056230 0.038918
0 0.666747 0.989139 0.129572 0.021723
