0 0.048360 0.576100 0.064803 0.086645
0 0.501373 0.015693 0.119715 0.031387
0 0.455904 0.106119 0.101965 0.195559
0 0.419990 0.303205 0.110039 0.173871
0 0.401438 0.477957 0.114463 0.171453
0 0.385727 0.647164 0.108766 0.169445
0 0.366906 0.825262 0.108004 0.167156
0 0.347023 0.960008 0.104961 0.079984
0 0.010310 0.914734 0.020619 0.170531
0 0.720960 0.059807 0.106451 0.119613
0 0.674643 0.154760 0.101684 0.203363
0 0.631909 0.320297 0.100752 0.218297
0 0.595701 0.521588 0.092355 0.189293
0 0.577113 0.697227 0.092355 0.167922
0 0.563252 0.871662 0.101133 0.183184
0 0.535482 0.983768 0.086211 0.032465
0 0.836031 0.997729 0.123539 0.004543
0 0.867851 0.911260 0.103424 0.165629
0 0.885346 0.714764 0.105254 0.168645
0 0.913591 0.522336 0.120600 0.195195
0 0.938768 0.375006 0.106301 0.208871
0 0.984900 0.190701 0.030199 0.158785
