0 0.451159 0.048061 0.085979 0.096121
0 0.453648 0.216965 0.066648 0.148664
0 0.437078 0.414496 0.073977 0.192719
0 0.451891 0.615363 0.049777 0.181070
0 0.436984 0.806264 0.071957 0.182301
0 0.420243 0.971012 0.089760 0.057977
0 0.234899 0.962045 0.069928 0.075910
0 0.248803 0.796059 0.075680 0.183766
0 0.254034 0.600465 0.080158 0.183766
0 0.256252 0.399352 0.075668 0.147203
0 0.265450 0.206902 0.078279 0.182633
0 0.260395 0.049352 0.061398 0.098703
0 0.046131 0.047572 0.071844 0.095145
0 0.051797 0.203313 0.062305 0.146656
0 0.040737 0.388020 0.076607 0.185000
0 0.041412 0.587471 0.068152 0.181402
0 0.036886 0.786381 0.073771 0.184379
0 0.032650 0.944529 0.063645 0.110941
0 0.982239 0.132012 0.035521 0.176547
0 0.370251 0.080037 0.014502 0.051137
0 0.333995 0.136520 0.020607 0.028242
0 0.367811 0.287568 0.019137 0.031699
0 0.315413 0.605230 0.022350 0.037547
0 0.334848 0.221812 0.018773 0.023242
