0 0.420243 0.050598 0.089760 0.101195
0 0.234899 0.044488 0.069928 0.088977
0 0.032650 0.036891 0.063645 0.073781
0 0.032003 0.338945 0.064006 0.152883
0 0.023873 0.545496 0.047746 0.204453
0 0.022550 0.759926 0.045100 0.196859
0 0.020812 0.945219 0.041623 0.109563
0 0.420080 0.364488 0.064820 0.177695
0 0.409681 0.568170 0.071498 0.189668
0 0.231622 0.372033 0.081396 0.164152
0 0.233345 0.579359 0.094885 0.201508
0 0.207722 0.807758 0.051334 0.206008
0 0.206585 0.960625 0.063494 0.078750
0 0.411312 0.937730 0.051809 0.124539
0 0.406694 0.756254 0.064432 0.173430
0 0.599418 0.943588 0.058723 0.112824
0 0.629121 0.388916 0.084816 0.135082
0 0.603813 0.764564 0.044623 0.157809
0 0.785652 0.403252 0.073336 0.189074
0 0.780449 0.600764 0.077426 0.135480
0 0.782375 0.780461 0.057043 0.180141
0 0.771326 0.949701 0.076004 0.100598
0 0.979433 0.401156 0.041135 0.175766
0 0.982198 0.596973 0.035604 0.177945
0 0.969407 0.789805 0.061186 0.100164
0 0.970446 0.950217 0.059107 0.099566
0 0.303011 0.500750 0.023025 0.050836
0 0.295237 0.721225 0.015424 0.032082
