0 0.012219 0.401156 0.024437 0.175766
0 0.018386 0.596973 0.036771 0.177945
0 0.152966 0.522287 0.094959 0.154543
0 0.008187 0.789805 0.016373 0.100164
0 0.004130 0.950217 0.008260 0.099566
0 0.153966 0.956090 0.080799 0.087820
0 0.362176 0.930840 0.068309 0.138320
0 0.364187 0.758166 0.048902 0.145801
0 0.537400 0.504820 0.083570 0.225102
0 0.532734 0.754654 0.077379 0.217785
0 0.524647 0.950768 0.067021 0.098465
0 0.812237 0.153996 0.106385 0.114820
0 0.980704 0.540480 0.038592 0.171539
0 0.775411 0.525023 0.079076 0.172875
0 0.789868 0.962891 0.077779 0.074219
0 0.795636 0.776018 0.075053 0.247121
0 0.402667 0.512926 0.046686 0.130000
0 0.949499 0.590014 0.018701 0.058770
0 0.938612 0.047779 0.026334 0.054191
0 0.084318 0.802121 0.016320 0.048961
0 0.445585 0.904943 0.011920 0.025543
0 0.476236 0.901535 0.020434 0.039164
