0 0.006310 0.089160 0.012619 0.178320
0 0.183914 0.098193 0.062613 0.196387
0 0.250474 0.173736 0.043873 0.079371
0 0.367791 0.118863 0.051211 0.187961
0 0.376845 0.010111 0.083713 0.020223
0 0.557434 0.131992 0.052770 0.179742
0 0.565386 0.013988 0.055490 0.027977
0 0.954933 0.016805 0.072482 0.033609
0 0.954806 0.156291 0.073291 0.166410
0 0.754236 0.010623 0.076438 0.021246
0 0.758976 0.128590 0.061576 0.178578
0 0.935516 0.498137 0.071871 0.144461
0 0.929539 0.677428 0.079148 0.173285
0 0.928397 0.870102 0.075389 0.164344
0 0.729880 0.839389 0.059854 0.200590
0 0.732436 0.641457 0.060875 0.139898
0 0.733919 0.482078 0.081049 0.138133
0 0.532834 0.978670 0.043980 0.042660
0 0.535104 0.871072 0.045604 0.150629
0 0.541919 0.717998 0.055115 0.138840
0 0.550395 0.487525 0.051773 0.180645
0 0.341915 0.950885 0.066475 0.098230
0 0.341050 0.790496 0.070381 0.174758
0 0.358955 0.602598 0.052199 0.160938
0 0.352192 0.431312 0.067541 0.151320
0 0.158493 0.952469 0.066092 0.095063
0 0.156905 0.786855 0.051146 0.178578
0 0.173854 0.422021 0.072900 0.160168
0 0.166479 0.602982 0.054023 0.167699
0 0.256081 0.029746 0.025814 0.059492
0 0.671835 0.041459 0.011752 0.026863
