0 0.116528 0.158168 0.096318 0.191359
0 0.127570 0.026006 0.083605 0.052012
0 0.341567 0.189801 0.099650 0.151523
0 0.335970 0.039564 0.072900 0.079129
0 0.493624 0.171305 0.078045 0.181664
0 0.502219 0.025088 0.056980 0.050176
0 0.749941 0.193354 0.057953 0.201887
0 0.764841 0.032613 0.069713 0.065227
0 0.987791 0.006432 0.024418 0.012863
0 0.982996 0.123789 0.034008 0.175227
0 0.972396 0.339289 0.055207 0.202469
0 0.977127 0.962861 0.045746 0.074277
0 0.967220 0.768844 0.065561 0.232953
0 0.755093 0.734740 0.193354 0.370043
0 0.488215 0.979346 0.044918 0.041309
0 0.493547 0.869330 0.052691 0.145066
0 0.492671 0.713475 0.053869 0.146715
0 0.490437 0.531143 0.076850 0.140613
0 0.304205 0.971557 0.065906 0.056887
0 0.297143 0.860070 0.048539 0.134047
0 0.304116 0.685811 0.048354 0.183105
0 0.309646 0.507246 0.046984 0.152703
0 0.117352 0.908154 0.050266 0.183691
0 0.125575 0.714441 0.048115 0.176141
0 0.126020 0.518096 0.048195 0.187941
0 0.825436 0.231541 0.016805 0.081230
0 0.383589 0.627873 0.015404 0.050418
0 0.436703 0.083705 0.011035 0.038254
0 0.413898 0.110557 0.011770 0.034574
