0 0.004130 0.039463 0.008260 0.078926
0 0.000696 0.772543 0.001393 0.177727
0 0.153966 0.041150 0.080799 0.082301
0 0.155081 0.192311 0.067205 0.177941
0 0.150582 0.391330 0.073336 0.172254
0 0.127570 0.929354 0.083605 0.141293
0 0.135196 0.746906 0.078705 0.146828
0 0.141563 0.579199 0.069838 0.133602
0 0.335970 0.936141 0.072900 0.127719
0 0.350410 0.727330 0.077164 0.203270
0 0.346641 0.494275 0.060188 0.203707
0 0.359996 0.242375 0.080023 0.228320
0 0.362176 0.039926 0.068309 0.079852
0 0.524647 0.053283 0.067021 0.106566
0 0.518683 0.217123 0.075213 0.175746
0 0.502219 0.926375 0.056980 0.147250
0 0.508023 0.729605 0.066680 0.195195
0 0.509829 0.479467 0.079588 0.242074
0 0.764841 0.940943 0.069713 0.118113
0 0.770371 0.743980 0.074672 0.232227
0 0.768271 0.493568 0.056066 0.200824
0 0.777993 0.252357 0.061193 0.225285
0 0.789868 0.054393 0.077779 0.108785
0 0.980717 0.467348 0.038566 0.168469
0 0.977076 0.677018 0.045848 0.176691
0 0.987791 0.896746 0.024418 0.206508
0 0.988384 0.265223 0.023232 0.097469
0 0.922624 0.804629 0.029385 0.048086
0 0.857850 0.534506 0.014125 0.045785
0 0.885316 0.109594 0.021754 0.060297
0 0.853743 0.362770 0.021318 0.029437
0 0.433240 0.163766 0.017879 0.039164
0 0.442605 0.865312 0.017879 0.032352
0 0.439657 0.821543 0.010279 0.029953
0 0.055681 0.836654 0.014760 0.029520
