0 0.020812 0.039643 0.041623 0.079285
0 0.019519 0.208434 0.039037 0.206773
0 0.016430 0.424730 0.032859 0.205242
0 0.010379 0.646076 0.020758 0.205035
0 0.009016 0.864318 0.018031 0.208887
0 0.006310 0.991201 0.012619 0.017598
0 0.206585 0.060496 0.063494 0.120992
0 0.203185 0.240314 0.063303 0.202426
0 0.188264 0.458893 0.062746 0.204840
0 0.185728 0.677016 0.055467 0.203211
0 0.186476 0.885566 0.064764 0.184102
0 0.183914 0.997336 0.062613 0.005328
0 0.376845 0.927281 0.083713 0.145437
0 0.386521 0.750842 0.054354 0.178652
0 0.388523 0.552680 0.045902 0.184734
0 0.396337 0.347576 0.048713 0.170668
0 0.395646 0.157867 0.063061 0.197992
0 0.411312 0.024814 0.051809 0.049629
0 0.565386 0.926039 0.055490 0.147922
0 0.574981 0.742068 0.062303 0.179605
0 0.573147 0.546783 0.057939 0.177832
0 0.589606 0.353531 0.068631 0.170867
0 0.593462 0.118451 0.046467 0.100879
0 0.599418 0.027803 0.058723 0.055605
0 0.771326 0.026873 0.076004 0.053746
0 0.768233 0.168662 0.067490 0.181480
0 0.767656 0.363609 0.083828 0.179461
0 0.766441 0.556713 0.058945 0.183582
0 0.970446 0.039463 0.059107 0.078926
0 0.969379 0.188695 0.049598 0.174398
0 0.960656 0.376047 0.051043 0.169094
0 0.963233 0.570518 0.063529 0.175105
0 0.963113 0.772543 0.073773 0.177727
0 0.954933 0.943896 0.072482 0.112207
0 0.754236 0.919516 0.076438 0.160969
0 0.754661 0.716088 0.056049 0.096316
0 0.256081 0.997113 0.025814 0.005773
0 0.678453 0.553025 0.015090 0.033441
0 0.274972 0.547848 0.013674 0.030992
0 0.284451 0.328900 0.017488 0.034980
