0 0.054893 0.077266 0.024082 0.131094
0 0.100518 0.014912 0.113066 0.029824
0 0.077021 0.054236 0.032365 0.087676
0 0.101606 0.171461 0.116006 0.197766
0 0.092508 0.376250 0.098766 0.226875
0 0.146136 0.290566 0.037885 0.076836
0 0.160605 0.359922 0.039336 0.083750
0 0.084110 0.565645 0.086076 0.171773
0 0.077846 0.699090 0.069582 0.143703
0 0.145679 0.497773 0.056010 0.111516
0 0.182783 0.466523 0.059238 0.145625
0 0.167891 0.613900 0.064023 0.146418
0 0.218554 0.577123 0.068557 0.118098
0 0.081025 0.850990 0.072949 0.198855
0 0.142656 0.759355 0.050820 0.072383
0 0.162941 0.860508 0.048734 0.085469
0 0.154279 0.925775 0.020199 0.044309
0 0.077712 0.970508 0.072654 0.058984
0 0.173492 0.961934 0.037219 0.076133
0 0.199837 0.934004 0.030525 0.035195
0 0.194062 0.881172 0.028037 0.042578
0 0.213321 0.947438 0.017404 0.028563
0 0.293400 0.836777 0.178715 0.274336
0 0.201648 0.776016 0.062875 0.170469
0 0.270488 0.462891 0.069375 0.123125
0 0.338691 0.416113 0.050875 0.141523
0 0.390882 0.382365 0.038775 0.077465
0 0.371973 0.395715 0.020383 0.064758
0 0.409060 0.483096 0.086713 0.130371
0 0.454676 0.414463 0.075328 0.227520
0 0.490895 0.429545 0.050957 0.135590
0 0.509896 0.468334 0.110582 0.146316
0 0.439805 0.547500 0.025664 0.049609
0 0.505483 0.283461 0.120537 0.175125
0 0.578223 0.233047 0.037227 0.110625
0 0.540077 0.403465 0.063592 0.166875
0 0.453718 0.216502 0.036850 0.087379
0 0.403080 0.209180 0.082238 0.217109
0 0.391211 0.053789 0.066719 0.104453
0 0.430929 0.000076 0.057166 0.000152
0 0.344267 0.010820 0.121545 0.021641
0 0.317354 0.083223 0.070307 0.088711
0 0.232852 0.056113 0.087734 0.112227
0 0.259896 0.224049 0.100051 0.309480
0 0.199863 0.253574 0.113477 0.374336
0 0.537627 0.102910 0.102598 0.182852
0 0.543887 0.623074 0.103125 0.173102
0 0.452120 0.672455 0.181037 0.211160
0 0.459249 0.815195 0.087834 0.178828
0 0.624375 0.755254 0.090977 0.155195
0 0.666105 0.687088 0.064547 0.123004
0 0.719453 0.568588 0.077422 0.181707
0 0.732217 0.439824 0.046309 0.064102
0 0.800021 0.516777 0.092613 0.211445
0 0.769970 0.663662 0.083416 0.189902
0 0.737567 0.751342 0.063260 0.126793
0 0.779910 0.795578 0.106156 0.214570
0 0.690801 0.852072 0.065703 0.169066
0 0.642326 0.947139 0.105234 0.105723
0 0.736778 0.969629 0.052857 0.060742
0 0.792305 0.935762 0.070977 0.128477
0 0.814844 0.820508 0.027656 0.060078
0 0.838216 0.866289 0.067357 0.132422
0 0.850824 0.696523 0.078293 0.174141
0 0.916762 0.743383 0.069016 0.169094
0 0.951876 0.683359 0.096248 0.187656
0 0.997324 0.674160 0.005352 0.192227
0 0.636396 0.044590 0.067910 0.064492
0 0.689551 0.288770 0.042813 0.102305
0 0.717520 0.208887 0.018398 0.042773
0 0.620577 0.397129 0.051354 0.109891
0 0.614935 0.479539 0.058041 0.072203
0 0.574416 0.428086 0.028160 0.087883
0 0.569048 0.376496 0.017424 0.071758
0 0.802658 0.380762 0.175551 0.271914
0 0.920600 0.437568 0.119023 0.150254
0 0.882354 0.552809 0.061465 0.134055
0 0.953857 0.496465 0.060723 0.112617
0 0.992286 0.424395 0.015428 0.207305
0 0.991885 0.284531 0.016230 0.109766
0 0.959912 0.336496 0.055371 0.074789
0 0.927236 0.130664 0.114160 0.261328
0 0.986526 0.115137 0.026947 0.230273
0 0.981592 0.000752 0.036816 0.001504
0 0.285062 0.703135 0.110727 0.129902
0 0.314475 0.587535 0.053766 0.069992
0 0.822865 0.102803 0.071465 0.186020
0 0.681932 0.164635 0.139563 0.266746
