0 0.416263 0.730961 0.078541 0.148438
0 0.396397 0.007000 0.097869 0.014000
0 0.387250 0.080449 0.081984 0.160898
0 0.396181 0.239922 0.163811 0.150156
0 0.307512 0.213625 0.017637 0.028984
0 0.287266 0.098328 0.044141 0.097828
0 0.278210 0.207875 0.046119 0.139484
0 0.240801 0.139941 0.061875 0.279883
0 0.195052 0.207203 0.061623 0.154719
0 0.134788 0.120809 0.067623 0.194164
0 0.112535 0.237262 0.023145 0.026531
0 0.152432 0.271928 0.058262 0.101918
0 0.109544 0.271133 0.038346 0.068750
0 0.088989 0.189463 0.022268 0.065699
0 0.063056 0.256781 0.040139 0.144695
0 0.133916 0.329937 0.025020 0.035047
0 0.486463 0.017523 0.061340 0.035047
0 0.552939 0.037340 0.080152 0.074680
0 0.599826 0.083908 0.068469 0.103863
0 0.522695 0.096615 0.068633 0.120965
0 0.547038 0.205039 0.101342 0.129297
0 0.606325 0.236465 0.026428 0.089555
0 0.643174 0.178334 0.067480 0.111434
0 0.551931 0.327344 0.084928 0.116406
0 0.467884 0.370434 0.081572 0.153883
0 0.450486 0.470459 0.038949 0.089863
0 0.367385 0.434990 0.141539 0.159512
0 0.320247 0.603836 0.084154 0.165172
0 0.202067 0.504803 0.198354 0.163051
0 0.281564 0.584588 0.027539 0.046738
0 0.238551 0.579934 0.018367 0.023883
0 0.205299 0.689029 0.163203 0.214676
0 0.056336 0.723107 0.026234 0.044535
0 0.083123 0.778885 0.079367 0.126988
0 0.100518 0.919414 0.113066 0.161172
0 0.430929 0.934492 0.057166 0.131016
0 0.514131 0.900605 0.072598 0.136445
0 0.344267 0.924986 0.121545 0.150027
0 0.232852 0.981172 0.087734 0.037656
0 0.510440 0.979461 0.013807 0.027562
0 0.596461 0.549941 0.074617 0.126680
0 0.670381 0.416309 0.052676 0.091602
0 0.486549 0.707594 0.069324 0.130266
0 0.615363 0.759668 0.121578 0.241289
0 0.927236 0.964687 0.114160 0.070625
0 0.986526 0.974141 0.026947 0.051719
0 0.981592 0.963809 0.036816 0.072383
0 0.973477 0.869922 0.053047 0.154844
0 0.856835 0.875285 0.069842 0.165680
0 0.884420 0.615199 0.121574 0.321242
0 0.906681 0.790354 0.029369 0.063043
0 0.967246 0.602922 0.065508 0.108609
0 0.959785 0.425352 0.080430 0.123750
0 0.963524 0.314881 0.072951 0.162262
0 0.837522 0.417227 0.090396 0.330391
0 0.908545 0.066875 0.182754 0.133750
0 0.749541 0.034824 0.097129 0.069648
0 0.078727 0.051863 0.069668 0.103727
