0 0.547763 0.940625 0.077361 0.118750
0 0.736943 0.849043 0.092324 0.104336
0 0.812658 0.797791 0.070312 0.052770
0 0.834468 0.849551 0.048057 0.091367
0 0.285661 0.976465 0.063326 0.047070
0 0.417490 0.981699 0.190176 0.036602
0 0.169063 0.992344 0.184141 0.015312
0 0.208436 0.992035 0.025035 0.015930
0 0.224879 0.989570 0.022738 0.020859
0 0.023367 0.197016 0.046734 0.179422
0 0.091100 0.043096 0.081352 0.086191
0 0.105839 0.112143 0.110209 0.072895
0 0.104173 0.161090 0.107963 0.055969
0 0.099423 0.223582 0.098463 0.073852
0 0.124443 0.307105 0.101621 0.108828
0 0.124498 0.373340 0.048504 0.063711
0 0.225946 0.030488 0.051111 0.060977
0 0.212363 0.132051 0.052852 0.123477
0 0.357190 0.053705 0.039955 0.082160
0 0.497612 0.039137 0.051729 0.078273
0 0.607102 0.023457 0.057715 0.046914
0 0.725695 0.097539 0.199008 0.195078
0 0.327589 0.232227 0.194787 0.352812
0 0.428698 0.142590 0.055768 0.196586
0 0.390920 0.204523 0.030754 0.046664
0 0.410361 0.277723 0.059395 0.092523
0 0.186681 0.392580 0.035932 0.057004
0 0.172170 0.500633 0.089508 0.136937
0 0.104598 0.521207 0.073414 0.132328
0 0.060755 0.564277 0.067541 0.120227
0 0.037040 0.648912 0.074080 0.151629
0 0.015840 0.790049 0.031680 0.145574
0 0.120902 0.637016 0.102266 0.192766
0 0.091553 0.820449 0.179160 0.217148
0 0.904681 0.055750 0.081600 0.111500
0 0.855813 0.219963 0.197244 0.127270
0 0.752191 0.282334 0.029695 0.103270
0 0.780689 0.300277 0.019977 0.042203
0 0.839216 0.320537 0.050928 0.133371
0 0.853144 0.324477 0.028701 0.050086
0 0.769184 0.386689 0.046426 0.129434
0 0.804321 0.408953 0.023838 0.031094
0 0.861330 0.438279 0.078238 0.133121
0 0.855465 0.519447 0.116281 0.169285
0 0.793565 0.539887 0.031740 0.071320
0 0.953223 0.340547 0.066797 0.181250
0 0.935530 0.236184 0.022928 0.041008
0 0.954926 0.298465 0.029109 0.095016
0 0.979905 0.050713 0.040189 0.101426
0 0.709014 0.295490 0.051426 0.146293
0 0.608818 0.318320 0.012910 0.027109
0 0.653643 0.375469 0.027598 0.109922
0 0.613057 0.407930 0.043965 0.056953
0 0.734971 0.427221 0.063887 0.120949
0 0.739835 0.532553 0.062674 0.117160
0 0.754784 0.639205 0.050041 0.113668
0 0.807584 0.662588 0.050715 0.132402
0 0.864197 0.662070 0.102348 0.172734
0 0.948005 0.676953 0.066518 0.055781
0 0.966534 0.764031 0.066932 0.121609
0 0.980260 0.863744 0.039480 0.081129
0 0.912379 0.839527 0.102453 0.206961
0 0.640762 0.479375 0.071016 0.084453
0 0.698506 0.676305 0.113805 0.253016
0 0.610325 0.664711 0.076943 0.293219
0 0.523608 0.655566 0.073643 0.104727
0 0.536260 0.792871 0.095566 0.122070
0 0.524200 0.125547 0.093592 0.202578
0 0.492710 0.370352 0.050811 0.107500
0 0.562705 0.319434 0.056387 0.120352
0 0.538027 0.438750 0.041602 0.068906
0 0.402887 0.514064 0.087227 0.123832
0 0.301169 0.560408 0.109455 0.173699
0 0.251092 0.743258 0.108941 0.250672
0 0.371003 0.641725 0.150994 0.169754
0 0.348594 0.816816 0.087695 0.168945
0 0.438489 0.731988 0.082291 0.129289
0 0.418190 0.838602 0.082357 0.098734
0 0.242947 0.402885 0.066656 0.110402
0 0.626515 0.913045 0.132256 0.173910
0 0.771603 0.937131 0.100486 0.125738
