0 0.641107 0.121525 0.131926 0.151020
0 0.547763 0.101777 0.077361 0.203555
0 0.857617 0.060938 0.046914 0.084922
0 0.646722 0.964805 0.083236 0.070391
0 0.778292 0.965703 0.079549 0.068594
0 0.984255 0.984789 0.031490 0.030422
0 0.959536 0.993217 0.080928 0.013566
0 0.959775 0.919322 0.080449 0.157863
0 0.876152 0.952187 0.066133 0.095625
0 0.967731 0.656674 0.064537 0.162262
0 0.939474 0.489723 0.121053 0.147711
0 0.718965 0.580643 0.077906 0.120574
0 0.792815 0.606334 0.082162 0.201465
0 0.775403 0.748068 0.059088 0.159262
0 0.634236 0.586814 0.104145 0.110605
0 0.624807 0.755527 0.085109 0.260000
0 0.662838 0.776078 0.041227 0.088625
0 0.513864 0.705313 0.124029 0.270773
0 0.406336 0.820684 0.158543 0.276055
0 0.490486 0.877816 0.024887 0.086633
0 0.256328 0.885234 0.168379 0.227109
0 0.246810 0.744391 0.072709 0.133703
0 0.402168 0.549801 0.185781 0.242727
0 0.504665 0.484404 0.102143 0.165410
0 0.471689 0.341895 0.090059 0.153320
0 0.281768 0.433770 0.151582 0.279727
0 0.225703 0.307428 0.065039 0.092488
0 0.285661 0.040137 0.063326 0.080273
0 0.314805 0.171191 0.065547 0.158086
0 0.417490 0.065703 0.190176 0.131406
0 0.169063 0.150273 0.184141 0.300547
0 0.208436 0.018564 0.025035 0.037129
0 0.224879 0.036295 0.022738 0.072590
0 0.021523 0.139902 0.043047 0.123242
0 0.080367 0.381109 0.160734 0.288008
0 0.076680 0.555254 0.089258 0.134180
0 0.011292 0.625961 0.018311 0.051820
0 0.106889 0.657934 0.193957 0.143992
0 0.109725 0.719855 0.034328 0.023594
0 0.108682 0.819180 0.139160 0.149063
0 0.961895 0.338822 0.076211 0.124543
0 0.936494 0.189992 0.127012 0.187273
0 0.948623 0.281672 0.027785 0.016969
0 0.770957 0.187598 0.092930 0.142070
0 0.651387 0.244492 0.106758 0.128906
0 0.907014 0.706877 0.096688 0.174910
0 0.846026 0.710795 0.028896 0.167074
0 0.869522 0.564385 0.019104 0.133738
0 0.626515 0.013529 0.132256 0.027059
0 0.771603 0.067908 0.100486 0.135816
