0 0.005056 0.683359 0.010111 0.187656
0 0.031537 0.674160 0.063074 0.192227
0 0.082493 0.602617 0.084857 0.170781
0 0.071677 0.741699 0.059068 0.070430
0 0.144990 0.522363 0.041621 0.082227
0 0.015127 0.978195 0.028422 0.043609
0 0.032837 0.969395 0.025451 0.061211
0 0.118408 0.839436 0.160371 0.219488
0 0.279707 0.885625 0.084688 0.166875
0 0.213545 0.726428 0.020410 0.065816
0 0.249277 0.671348 0.110508 0.212852
0 0.214922 0.498047 0.051953 0.077109
0 0.289805 0.525254 0.036602 0.108945
0 0.201238 0.331270 0.063539 0.109336
0 0.202535 0.137402 0.094875 0.274805
0 0.410215 0.250527 0.079609 0.161680
0 0.472695 0.217129 0.053750 0.145195
0 0.496625 0.371582 0.059328 0.134102
0 0.533184 0.563723 0.059613 0.159086
0 0.496094 0.853926 0.073281 0.132773
0 0.523613 0.755957 0.083477 0.215742
0 0.615451 0.704725 0.139527 0.145309
0 0.035828 0.424395 0.071656 0.207305
0 0.091325 0.353551 0.078021 0.173750
0 0.033398 0.284531 0.066797 0.109766
0 0.046514 0.115137 0.093027 0.230273
0 0.000047 0.000752 0.000094 0.001504
0 0.599498 0.011428 0.067367 0.022855
0 0.513854 0.061504 0.117789 0.123008
0 0.611419 0.064271 0.063463 0.128543
0 0.645812 0.006068 0.053572 0.012137
0 0.633223 0.210781 0.050000 0.143672
0 0.645020 0.354629 0.055117 0.135664
0 0.673652 0.497812 0.068906 0.204531
0 0.667495 0.750801 0.019463 0.029648
0 0.776094 0.566152 0.058945 0.128555
0 0.720612 0.121414 0.070100 0.126266
0 0.761576 0.229350 0.113645 0.188223
0 0.810524 0.179367 0.077896 0.134516
0 0.771995 0.357910 0.060268 0.095117
0 0.811416 0.059316 0.109355 0.118633
0 0.933175 0.085221 0.133650 0.170441
0 0.969678 0.010215 0.054121 0.020430
0 0.917627 0.225467 0.107363 0.192973
0 0.883408 0.301641 0.033066 0.107500
0 0.745258 0.005820 0.080117 0.011641
0 0.293153 0.130855 0.088068 0.261711
0 0.926998 0.926408 0.078336 0.147184
0 0.974592 0.902686 0.050816 0.134473
0 0.975699 0.811436 0.048602 0.070191
