0 0.202535 0.994082 0.094875 0.011836
0 0.046514 0.974141 0.093027 0.051719
0 0.000047 0.963809 0.000094 0.072383
0 0.000518 0.869922 0.001035 0.154844
0 0.006123 0.602922 0.012246 0.108609
0 0.037012 0.586152 0.047109 0.167617
0 0.020312 0.425352 0.040625 0.123750
0 0.017090 0.314881 0.034180 0.162262
0 0.157839 0.797992 0.114201 0.205914
0 0.111951 0.400725 0.096293 0.227465
0 0.128300 0.603324 0.089572 0.227234
0 0.234600 0.532500 0.077676 0.240469
0 0.193105 0.137480 0.039531 0.083633
0 0.292451 0.210557 0.115293 0.340137
0 0.470684 0.203105 0.149687 0.174492
0 0.428441 0.441246 0.060305 0.164383
0 0.549609 0.375156 0.140469 0.348516
0 0.510147 0.105799 0.062014 0.169176
0 0.576225 0.518955 0.116082 0.177598
0 0.585859 0.625459 0.119531 0.154941
0 0.383038 0.704863 0.074693 0.292703
0 0.578086 0.793223 0.079961 0.124102
0 0.599498 0.927131 0.067367 0.145738
0 0.513854 0.928631 0.117789 0.142738
0 0.611419 0.995928 0.063463 0.008145
0 0.645812 0.964842 0.053572 0.070316
0 0.811416 0.993945 0.109355 0.012109
0 0.933175 0.981602 0.133650 0.036797
0 0.905010 0.957012 0.017207 0.034180
0 0.969678 0.943574 0.054121 0.112852
0 0.992238 0.772857 0.015523 0.042910
0 0.970773 0.773201 0.058453 0.192199
0 0.928704 0.645395 0.142592 0.208633
0 0.867515 0.715883 0.098393 0.157953
0 0.894226 0.843768 0.102486 0.145199
0 0.813616 0.861975 0.094771 0.172434
0 0.736455 0.698828 0.162480 0.368781
0 0.691562 0.328539 0.119182 0.371516
0 0.646722 0.035977 0.083236 0.071953
0 0.745258 0.920787 0.080117 0.158426
0 0.876203 0.520723 0.132867 0.175039
0 0.831825 0.382871 0.090330 0.233711
0 0.803591 0.183770 0.083549 0.232383
0 0.778292 0.053203 0.079549 0.106406
0 0.918115 0.332051 0.052988 0.111680
0 0.897403 0.293275 0.024377 0.025645
0 0.896904 0.144762 0.060684 0.120227
0 0.984255 0.061309 0.031490 0.122617
0 0.959536 0.149277 0.080928 0.298555
0 0.876152 0.027695 0.066133 0.055391
0 0.187978 0.928295 0.024752 0.050535
0 0.289283 0.758072 0.152004 0.375543
0 0.293153 0.979125 0.088068 0.041750
