0 0.606922 0.205135 0.083656 0.410270
0 0.502843 0.292281 0.112088 0.584562
0 0.654221 0.046781 0.030707 0.041203
0 0.683457 0.114285 0.086027 0.136172
0 0.768891 0.074270 0.094145 0.148539
0 0.436787 0.523730 0.104238 0.142227
0 0.321221 0.580918 0.061621 0.129570
0 0.221438 0.162969 0.055275 0.124031
0 0.156870 0.144791 0.037037 0.052910
0 0.116791 0.161074 0.036543 0.083102
0 0.142715 0.227719 0.062531 0.065781
0 0.170121 0.366025 0.077660 0.216590
0 0.193192 0.276643 0.022588 0.056418
0 0.224786 0.267791 0.041943 0.053598
0 0.236318 0.336967 0.028840 0.048176
0 0.240264 0.402965 0.043184 0.048023
0 0.203195 0.319713 0.037797 0.013668
0 0.093450 0.286875 0.076541 0.186148
0 0.126328 0.682852 0.023750 0.039844
0 0.353950 0.757359 0.052514 0.121203
0 0.433780 0.784682 0.064088 0.067715
0 0.441818 0.830840 0.069227 0.072969
0 0.392630 0.884988 0.057100 0.096562
0 0.414003 0.955072 0.085475 0.089855
0 0.804728 0.701445 0.100080 0.265703
0 0.718608 0.722676 0.093350 0.239727
0 0.826557 0.906393 0.154035 0.187215
0 0.695811 0.926309 0.131582 0.147383
0 0.589893 0.975723 0.071816 0.048555
0 0.614926 0.887631 0.054383 0.080598
0 0.612021 0.748775 0.074707 0.217082
0 0.801543 0.367266 0.117266 0.263203
0 0.881000 0.073166 0.028676 0.052512
0 0.955318 0.062473 0.064266 0.124945
0 0.948807 0.197016 0.102387 0.179422
0 0.963760 0.243254 0.045613 0.063883
0 0.940459 0.501350 0.029902 0.025277
0 0.982998 0.503711 0.032598 0.035312
0 0.916680 0.525313 0.027578 0.047500
0 0.996460 0.648912 0.007080 0.151629
0 0.989932 0.588125 0.019941 0.052734
0 0.950478 0.628184 0.066662 0.192539
0 0.914899 0.612963 0.018432 0.059426
0 0.977256 0.790049 0.045488 0.145574
0 0.253230 0.887805 0.137223 0.224391
0 0.195041 0.040549 0.065125 0.081098
0 0.279467 0.057121 0.055480 0.114242
0 0.325485 0.117793 0.138072 0.235586
0 0.323602 0.283313 0.111629 0.132000
0 0.351536 0.378525 0.069959 0.114043
0 0.433393 0.394004 0.030262 0.058750
0 0.440616 0.215430 0.046025 0.094383
0 0.245457 0.479971 0.046965 0.050348
0 0.246923 0.516658 0.041416 0.048457
0 0.219451 0.599197 0.048367 0.107652
0 0.107489 0.491506 0.044740 0.175504
0 0.109245 0.606082 0.021271 0.037227
0 0.060906 0.704881 0.028418 0.103199
0 0.107283 0.737371 0.024766 0.045203
0 0.109318 0.775465 0.015887 0.036070
0 0.119568 0.759744 0.016594 0.035676
0 0.132647 0.809172 0.022178 0.053250
0 0.117485 0.840607 0.021846 0.048996
0 0.066062 0.877953 0.044568 0.101352
0 0.078103 0.815777 0.020572 0.028422
0 0.096031 0.863453 0.020605 0.048023
0 0.472816 0.699865 0.121086 0.104176
0 0.834612 0.210148 0.020736 0.042422
