0 0.414003 0.002264 0.085475 0.004527
0 0.053739 0.453658 0.019619 0.105199
0 0.218337 0.596564 0.101521 0.138207
0 0.246837 0.730701 0.122619 0.160988
0 0.347834 0.531361 0.095148 0.179371
0 0.353043 0.691953 0.116805 0.152578
0 0.358340 0.609447 0.030496 0.046199
0 0.369365 0.807773 0.101582 0.119844
0 0.385889 0.873514 0.083223 0.123668
0 0.396397 0.948750 0.097869 0.102500
0 0.387250 0.996404 0.081984 0.007191
0 0.240801 0.993379 0.061875 0.013242
0 0.418428 0.316779 0.097402 0.124418
0 0.429305 0.411393 0.091273 0.107098
0 0.424063 0.502188 0.040938 0.063672
0 0.441211 0.596055 0.050352 0.110781
0 0.451406 0.663424 0.049063 0.040730
0 0.476775 0.812516 0.081129 0.261859
0 0.486463 0.971723 0.061340 0.056555
0 0.552939 0.961160 0.080152 0.077680
0 0.982891 0.139902 0.034219 0.123242
0 0.991486 0.381109 0.017027 0.288008
0 0.963290 0.577451 0.028982 0.041082
0 0.908545 0.926250 0.182754 0.147500
0 0.886706 0.909957 0.037209 0.056836
0 0.853574 0.844414 0.106758 0.146719
0 0.900605 0.693164 0.112500 0.145703
0 0.715664 0.722520 0.076445 0.165195
0 0.776172 0.714238 0.039180 0.093242
0 0.749541 0.952893 0.097129 0.094215
0 0.594473 0.754531 0.068242 0.096953
0 0.595045 0.717463 0.027312 0.015754
0 0.891514 0.475391 0.096074 0.146016
0 0.851567 0.277656 0.176396 0.183672
0 0.685785 0.282637 0.162570 0.218633
0 0.722285 0.360326 0.031914 0.036066
0 0.578057 0.252633 0.068613 0.168063
0 0.585250 0.397715 0.054945 0.149391
0 0.518926 0.350918 0.069687 0.075977
0 0.526010 0.423314 0.049504 0.112434
0 0.576846 0.577203 0.112441 0.250125
0 0.705605 0.544258 0.062031 0.152031
0 0.744480 0.498027 0.027602 0.084961
0 0.826557 0.004395 0.154035 0.008789
0 0.695811 0.016172 0.131582 0.032344
0 0.589893 0.043457 0.071816 0.086914
0 0.253230 0.009480 0.137223 0.018961
0 0.446506 0.036182 0.031516 0.053332
0 0.396767 0.110020 0.055717 0.066797
0 0.097139 0.308004 0.089980 0.180086
0 0.147626 0.231553 0.086049 0.132012
0 0.203787 0.426738 0.075500 0.147195
0 0.195699 0.529312 0.016617 0.038055
0 0.119226 0.500170 0.071521 0.168832
0 0.114708 0.632410 0.073475 0.136547
0 0.093118 0.717689 0.029506 0.080395
0 0.059185 0.705197 0.029693 0.100949
0 0.074897 0.795771 0.062260 0.067402
0 0.078727 0.940566 0.069668 0.118867
0 0.190586 0.910324 0.056563 0.114641
0 0.184305 0.816666 0.068871 0.149395
