0 0.189697 0.414172 0.129660 0.180656
0 0.079279 0.051045 0.093035 0.102090
0 0.029073 0.110555 0.019900 0.028555
0 0.179564 0.043330 0.092578 0.086660
0 0.287312 0.040359 0.107014 0.080719
0 0.395131 0.043316 0.089371 0.086633
0 0.505485 0.039740 0.092615 0.079480
0 0.615560 0.042604 0.099607 0.085207
0 0.730490 0.038555 0.090344 0.077109
0 0.834998 0.039943 0.107609 0.079887
0 0.946954 0.030229 0.094447 0.060457
0 0.959015 0.431227 0.081971 0.271648
0 0.830875 0.299592 0.054965 0.112043
0 0.754312 0.330275 0.055766 0.086684
0 0.673350 0.527307 0.095824 0.152309
