0 0.079279 0.957967 0.093035 0.084066
0 0.179564 0.956557 0.092578 0.086887
0 0.287312 0.956701 0.107014 0.086598
0 0.395131 0.956230 0.089371 0.087539
0 0.505485 0.954420 0.092615 0.091160
0 0.615560 0.951719 0.099607 0.096563
0 0.730490 0.947521 0.090344 0.104957
0 0.834998 0.957279 0.107609 0.085441
0 0.946954 0.946914 0.094447 0.106172
0 0.883090 0.555160 0.120965 0.182570
0 0.865645 0.346674 0.090199 0.212105
0 0.992776 0.117039 0.014447 0.178891
0 0.876285 0.132459 0.102883 0.186738
0 0.869302 0.001408 0.109322 0.002816
0 0.663407 0.536893 0.092604 0.227887
0 0.560126 0.552816 0.082096 0.196602
0 0.455201 0.551566 0.097727 0.200422
0 0.246839 0.559439 0.080494 0.200559
0 0.142037 0.567174 0.101473 0.186035
0 0.041061 0.581791 0.082121 0.168418
0 0.041117 0.201627 0.081547 0.165691
0 0.139961 0.203896 0.097582 0.177605
0 0.244521 0.201215 0.099502 0.171406
0 0.349868 0.203807 0.085619 0.178988
0 0.453331 0.200195 0.084990 0.180773
0 0.558423 0.203105 0.094779 0.197805
0 0.520689 0.354115 0.020168 0.037285
0 0.623433 0.337416 0.015357 0.033105
0 0.351642 0.555154 0.091959 0.183934
0 0.660438 0.189744 0.087732 0.179691
