0 0.979678 0.651992 0.040645 0.128445
0 0.923431 0.599871 0.072408 0.146703
0 0.985446 0.856209 0.020189 0.036668
0 0.992481 0.953811 0.015037 0.092379
0 0.887238 0.870465 0.131176 0.259070
0 0.709147 0.781379 0.229287 0.183336
0 0.636194 0.893027 0.129162 0.108805
0 0.559478 0.705324 0.050592 0.072406
0 0.550646 0.962018 0.031135 0.061246
0 0.537131 0.907102 0.032504 0.069117
0 0.348282 0.737443 0.081854 0.154887
0 0.276829 0.822967 0.065342 0.139402
0 0.187461 0.913217 0.081223 0.171262
0 0.221894 0.724740 0.109256 0.171230
0 0.171003 0.677852 0.063775 0.107031
0 0.142745 0.536617 0.090369 0.241531
0 0.152811 0.753008 0.028020 0.051016
0 0.165767 0.292906 0.123092 0.198336
0 0.078195 0.396365 0.046738 0.111996
0 0.117442 0.220717 0.112561 0.177793
0 0.185349 0.107363 0.082674 0.126789
0 0.104386 0.089090 0.074748 0.143742
0 0.272486 0.972193 0.041227 0.055613
0 0.467537 0.282441 0.081945 0.168078
0 0.329584 0.122148 0.036613 0.061617
0 0.653809 0.040422 0.084348 0.080844
0 0.713089 0.048428 0.045416 0.074957
