0 0.278835 0.872518 0.069479 0.162379
0 0.307409 0.807439 0.046459 0.094262
0 0.222339 0.872285 0.046963 0.102391
0 0.180070 0.804113 0.023078 0.052656
0 0.371366 0.801158 0.073869 0.190809
0 0.429350 0.803553 0.062578 0.194395
0 0.474557 0.803002 0.035055 0.076723
0 0.441688 0.649428 0.054432 0.125012
0 0.427484 0.482596 0.024250 0.046301
0 0.540985 0.445078 0.057123 0.105273
0 0.394118 0.353738 0.032600 0.065797
0 0.485075 0.266275 0.061830 0.119895
0 0.464584 0.223934 0.060480 0.124398
0 0.553039 0.286465 0.022430 0.043664
0 0.582199 0.236520 0.024523 0.049047
0 0.653809 0.958512 0.084348 0.082977
0 0.019021 0.551342 0.038043 0.148340
0 0.001239 0.364256 0.002479 0.226215
