0 0.487406 0.954203 0.062945 0.091594
0 0.450597 0.759082 0.147779 0.247836
0 0.291715 0.876428 0.086863 0.134926
0 0.392346 0.678883 0.088523 0.147141
0 0.237727 0.725537 0.077758 0.113645
0 0.420961 0.373348 0.021387 0.043492
0 0.414637 0.338336 0.020805 0.040984
0 0.343854 0.421264 0.097797 0.194402
0 0.318632 0.332344 0.102385 0.146172
0 0.304824 0.284471 0.086133 0.113402
0 0.380931 0.250002 0.036377 0.078043
0 0.300453 0.228139 0.047180 0.089512
0 0.290422 0.159795 0.048723 0.093035
0 0.496418 0.101615 0.100672 0.151004
0 0.504344 0.024400 0.031508 0.048801
0 0.525330 0.014771 0.027863 0.029543
0 0.432879 0.142018 0.026898 0.045855
0 0.524943 0.213873 0.105484 0.171355
0 0.569715 0.384582 0.097352 0.173695
0 0.560974 0.286570 0.048990 0.095742
0 0.603323 0.500076 0.110674 0.209441
0 0.691622 0.365887 0.043873 0.101414
0 0.745525 0.311654 0.057762 0.113762
0 0.730025 0.243141 0.060457 0.133266
0 0.693330 0.169750 0.082215 0.142391
0 0.677509 0.110318 0.080471 0.143059
0 0.652838 0.064131 0.084715 0.128262
